100 0.1666 1.0000 3.43 8 0.0004
200 0.2085 0.9950 3.43 14 0.0060
300 0.2195 0.9900 3.93 21 0.0117
400 0.2232 0.9850 4.06 27 0.0173
500 0.2246 0.9799 3.94 34 0.0228
600 0.2255 0.9749 3.88 42 0.0284
700 0.2249 0.9699 3.80 49 0.0339
800 0.2282 0.9649 3.99 56 0.0394
900 0.2287 0.9598 4.13 63 0.0449
1000 0.2325 0.9548 4.14 69 0.0504
1100 0.2460 0.9498 4.24 73 0.0560
1200 0.2442 0.9448 4.28 80 0.0615
1300 0.2454 0.9397 4.26 87 0.0671
1400 0.2414 0.9347 4.19 95 0.0726
1500 0.2390 0.9297 4.19 103 0.0781
1600 0.2378 0.9247 4.15 109 0.0836
1700 0.2404 0.9196 4.11 116 0.0891
1800 0.2333 0.9146 4.12 124 0.0946
1900 0.2425 0.9096 4.23 128 0.1002
2000 0.2356 0.9046 4.22 136 0.1057
2100 0.2268 0.8995 4.24 143 0.1112
2200 0.2278 0.8945 4.24 149 0.1167
2300 0.2298 0.8895 4.26 155 0.1223
2400 0.2342 0.8845 4.26 161 0.1278
2500 0.2346 0.8794 4.23 170 0.1334
2600 0.2357 0.8744 4.21 177 0.1389
2700 0.2324 0.8694 4.21 184 0.1445
2800 0.2383 0.8644 4.22 191 0.1500
2900 0.2288 0.8593 4.20 198 0.1556
3000 0.2414 0.8543 4.30 202 0.1612
3100 0.2474 0.8493 4.33 208 0.1668
3200 0.2506 0.8443 4.33 214 0.1723
3300 0.2431 0.8392 4.32 221 0.1779
3400 0.2466 0.8342 4.32 227 0.1835
3500 0.2502 0.8292 4.33 233 0.1891
3600 0.2566 0.8242 4.35 238 0.1947
3700 0.2567 0.8191 4.36 245 0.2004
3800 0.2602 0.8141 4.40 251 0.2060
3900 0.2620 0.8091 4.39 257 0.2116
4000 0.2546 0.8041 4.39 263 0.2173
4100 0.2565 0.7990 4.41 268 0.2229
4200 0.2513 0.7940 4.41 275 0.2285
4300 0.2524 0.7890 4.40 282 0.2342
4400 0.2503 0.7840 4.40 288 0.2398
4500 0.2461 0.7789 4.37 297 0.2454
4600 0.2416 0.7739 4.37 303 0.2510
4700 0.2366 0.7689 4.34 311 0.2566
4800 0.2272 0.7639 4.31 319 0.2622
4900 0.2206 0.7588 4.30 327 0.2678
5000 0.2205 0.7538 4.31 333 0.2734
5100 0.2111 0.7488 4.30 342 0.2790
5200 0.2146 0.7438 4.30 348 0.2846
5300 0.2152 0.7387 4.30 355 0.2902
5400 0.2114 0.7337 4.30 362 0.2958
5500 0.2117 0.7287 4.29 370 0.3013
5600 0.2133 0.7237 4.31 376 0.3069
5700 0.2210 0.7186 4.31 382 0.3125
5800 0.2230 0.7136 4.30 389 0.3182
5900 0.2306 0.7086 4.31 396 0.3237
6000 0.2274 0.7036 4.30 404 0.3294
6100 0.2291 0.6985 4.29 412 0.3350
6200 0.2310 0.6935 4.30 418 0.3406
6300 0.2323 0.6885 4.30 424 0.3461
6400 0.2332 0.6835 4.30 432 0.3518
6500 0.2349 0.6784 4.30 439 0.3574
6600 0.2314 0.6734 4.30 446 0.3630
6700 0.2263 0.6684 4.28 454 0.3686
6800 0.2245 0.6634 4.28 463 0.3741
6900 0.2228 0.6583 4.29 470 0.3797
7000 0.2272 0.6533 4.29 476 0.3854
7100 0.2332 0.6483 4.30 482 0.3910
7200 0.2242 0.6433 4.29 490 0.3966
7300 0.2245 0.6382 4.29 497 0.4022
7400 0.2219 0.6332 4.29 506 0.4078
7500 0.2272 0.6282 4.30 512 0.4134
7600 0.2255 0.6232 4.31 520 0.4190
7700 0.2298 0.6181 4.32 526 0.4246
7800 0.2326 0.6131 4.32 534 0.4302
7900 0.2351 0.6081 4.32 541 0.4358
8000 0.2345 0.6031 4.31 547 0.4413
8100 0.2303 0.5980 4.31 554 0.4470
8200 0.2358 0.5930 4.30 561 0.4526
8300 0.2342 0.5880 4.29 569 0.4582
8400 0.2404 0.5830 4.29 575 0.4638
8500 0.2358 0.5779 4.30 582 0.4694
8600 0.2373 0.5729 4.31 589 0.4750
8700 0.2387 0.5679 4.31 595 0.4806
8800 0.2407 0.5629 4.31 603 0.4863
8900 0.2355 0.5578 4.30 610 0.4919
9000 0.2289 0.5528 4.29 618 0.4975
9100 0.2284 0.5478 4.29 625 0.5032
9200 0.2309 0.5428 4.29 631 0.5088
9300 0.2282 0.5377 4.28 639 0.5144
9400 0.2235 0.5327 4.27 647 0.5200
9500 0.2226 0.5277 4.27 655 0.5255
9600 0.2253 0.5227 4.27 662 0.5311
9700 0.2221 0.5176 4.27 670 0.5368
9800 0.2231 0.5126 4.27 677 0.5424
9900 0.2262 0.5076 4.27 684 0.5480
10000 0.2309 0.5026 4.27 692 0.5536
10100 0.2335 0.4975 4.27 698 0.5593
10200 0.2298 0.4925 4.26 706 0.5649
10300 0.2388 0.4875 4.28 712 0.5704
10400 0.2420 0.4825 4.28 719 0.5759
10500 0.2433 0.4774 4.28 726 0.5815
10600 0.2457 0.4724 4.28 733 0.5871
10700 0.2469 0.4674 4.28 740 0.5926
10800 0.2465 0.4624 4.28 747 0.5982
10900 0.2428 0.4573 4.27 755 0.6038
11000 0.2475 0.4523 4.29 760 0.6094
11100 0.2446 0.4473 4.29 767 0.6150
11200 0.2440 0.4423 4.30 775 0.6206
11300 0.2363 0.4372 4.29 783 0.6262
11400 0.2346 0.4322 4.28 792 0.6317
11500 0.2392 0.4272 4.28 798 0.6373
11600 0.2339 0.4222 4.29 805 0.6430
11700 0.2367 0.4171 4.29 811 0.6485
11800 0.2397 0.4121 4.29 818 0.6541
11900 0.2419 0.4071 4.29 825 0.6597
12000 0.2381 0.4021 4.28 832 0.6653
12100 0.2376 0.3970 4.28 839 0.6709
12200 0.2429 0.3920 4.29 846 0.6765
12300 0.2473 0.3870 4.29 853 0.6820
12400 0.2463 0.3820 4.28 860 0.6876
12500 0.2419 0.3769 4.27 867 0.6932
12600 0.2459 0.3719 4.28 873 0.6988
12700 0.2402 0.3669 4.27 881 0.7044
12800 0.2396 0.3619 4.27 887 0.7100
12900 0.2392 0.3568 4.27 895 0.7155
13000 0.2396 0.3518 4.27 902 0.7211
13100 0.2423 0.3468 4.27 909 0.7267
13200 0.2384 0.3418 4.26 917 0.7323
13300 0.2347 0.3367 4.25 925 0.7379
13400 0.2391 0.3317 4.26 931 0.7435
13500 0.2434 0.3267 4.27 936 0.7491
13600 0.2417 0.3217 4.27 943 0.7547
13700 0.2434 0.3166 4.26 951 0.7603
13800 0.2405 0.3116 4.25 959 0.7658
13900 0.2445 0.3066 4.25 965 0.7715
14000 0.2431 0.3016 4.25 973 0.7771
14100 0.2380 0.2965 4.24 981 0.7827
14200 0.2373 0.2915 4.24 989 0.7883
14300 0.2401 0.2865 4.24 996 0.7939
14400 0.2390 0.2815 4.24 1003 0.7995
14500 0.2342 0.2764 4.24 1011 0.8051
14600 0.2322 0.2714 4.24 1018 0.8106
14700 0.2332 0.2664 4.24 1025 0.8162
14800 0.2330 0.2614 4.23 1032 0.8217
14900 0.2278 0.2563 4.22 1040 0.8273
15000 0.2306 0.2513 4.23 1046 0.8329
15100 0.2323 0.2463 4.23 1055 0.8386
15200 0.2343 0.2413 4.22 1061 0.8441
15300 0.2337 0.2362 4.22 1067 0.8497
15400 0.2339 0.2312 4.22 1074 0.8553
15500 0.2369 0.2262 4.23 1080 0.8609
15600 0.2374 0.2212 4.22 1088 0.8666
15700 0.2365 0.2161 4.23 1095 0.8721
15800 0.2363 0.2111 4.22 1103 0.8778
15900 0.2385 0.2061 4.23 1110 0.8834
16000 0.2351 0.2011 4.23 1117 0.8890
16100 0.2418 0.1960 4.23 1123 0.8947
16200 0.2424 0.1910 4.23 1130 0.9003
16300 0.2472 0.1860 4.23 1135 0.9059
16400 0.2424 0.1810 4.22 1144 0.9115
16500 0.2397 0.1759 4.22 1151 0.9171
16600 0.2459 0.1709 4.23 1156 0.9227
16700 0.2516 0.1659 4.23 1162 0.9283
16800 0.2518 0.1609 4.23 1169 0.9339
16900 0.2510 0.1558 4.23 1177 0.9395
17000 0.2486 0.1508 4.22 1186 0.9451
17100 0.2456 0.1458 4.22 1193 0.9507
17200 0.2439 0.1408 4.22 1201 0.9563
17300 0.2421 0.1357 4.22 1207 0.9619
17400 0.2440 0.1307 4.22 1215 0.9676
17500 0.2456 0.1257 4.21 1222 0.9732
17600 0.2451 0.1207 4.22 1228 0.9787
17700 0.2402 0.1156 4.22 1236 0.9844
17800 0.2415 0.1106 4.22 1244 0.9899
17900 0.2378 0.1056 4.21 1252 0.9956
18000 0.2395 0.1006 4.21 1259 1.0013
18100 0.2404 0.0955 4.21 1263 1.0069
18200 0.2368 0.0905 4.20 1270 1.0125
18300 0.2368 0.0855 4.20 1277 1.0181
18400 0.2330 0.0805 4.19 1286 1.0238
18500 0.2313 0.0754 4.19 1294 1.0294
18600 0.2257 0.0704 4.19 1302 1.0351
18700 0.2261 0.0654 4.19 1310 1.0407
18800 0.2283 0.0604 4.19 1316 1.0463
18900 0.2315 0.0553 4.19 1324 1.0519
19000 0.2313 0.0503 4.19 1333 1.0575
19100 0.2349 0.0453 4.19 1337 1.0632
19200 0.2386 0.0403 4.19 1345 1.0688
19300 0.2367 0.0352 4.19 1352 1.0744
19400 0.2374 0.0302 4.18 1360 1.0800
19500 0.2394 0.0252 4.18 1367 1.0856
19600 0.2395 0.0202 4.19 1375 1.0912
19700 0.2369 0.0151 4.19 1383 1.0969
19800 0.2382 0.0101 4.19 1389 1.1026
19900 0.2341 0.0051 4.18 1398 1.1082
20000 0.2393 0.0010 4.19 1404 1.1138
20100 0.2326 0.0010 4.19 1413 1.1195
20200 0.2299 0.0010 4.19 1420 1.1252
20300 0.2291 0.0010 4.18 1428 1.1308
20400 0.2321 0.0010 4.18 1435 1.1364
20500 0.2347 0.0010 4.19 1441 1.1420
20600 0.2342 0.0010 4.19 1448 1.1476
20700 0.2387 0.0010 4.19 1456 1.1532
20800 0.2388 0.0010 4.19 1462 1.1589
20900 0.2485 0.0010 4.20 1467 1.1645
21000 0.2434 0.0010 4.20 1475 1.1701
21100 0.2450 0.0010 4.20 1482 1.1757
21200 0.2477 0.0010 4.20 1489 1.1814
21300 0.2477 0.0010 4.20 1496 1.1870
21400 0.2489 0.0010 4.20 1504 1.1926
21500 0.2448 0.0010 4.20 1511 1.1983
21600 0.2468 0.0010 4.20 1518 1.2039
21700 0.2477 0.0010 4.20 1525 1.2095
21800 0.2483 0.0010 4.21 1530 1.2152
21900 0.2447 0.0010 4.21 1537 1.2208
22000 0.2444 0.0010 4.21 1544 1.2264
22100 0.2427 0.0010 4.21 1551 1.2321
22200 0.2422 0.0010 4.20 1551 1.2377
22300 0.2420 0.0010 4.19 1551 1.2434
22400 0.2423 0.0010 4.18 1551 1.2490
22500 0.2399 0.0010 4.18 1559 1.2547
22600 0.2339 0.0010 4.18 1568 1.2603
22700 0.2344 0.0010 4.18 1574 1.2659
22800 0.2289 0.0010 4.18 1581 1.2716
22900 0.2294 0.0010 4.18 1589 1.2772
23000 0.2336 0.0010 4.18 1596 1.2828
23100 0.2390 0.0010 4.18 1602 1.2885
23200 0.2375 0.0010 4.18 1609 1.2941
23300 0.2354 0.0010 4.18 1617 1.2997
23400 0.2351 0.0010 4.19 1624 1.3053
23500 0.2372 0.0010 4.18 1631 1.3109
23600 0.2430 0.0010 4.18 1638 1.3166
23700 0.2421 0.0010 4.19 1645 1.3222
23800 0.2462 0.0010 4.19 1652 1.3278
23900 0.2490 0.0010 4.19 1658 1.3335
24000 0.2519 0.0010 4.20 1662 1.3391
24100 0.2507 0.0010 4.20 1668 1.3447
24200 0.2544 0.0010 4.20 1672 1.3504
24300 0.2564 0.0010 4.19 1672 1.3561
24400 0.2566 0.0010 4.18 1672 1.3617
24500 0.2561 0.0010 4.17 1672 1.3673
24600 0.2547 0.0010 4.16 1672 1.3730
24700 0.2525 0.0010 4.15 1672 1.3787
24800 0.2489 0.0010 4.14 1672 1.3843
24900 0.2444 0.0010 4.13 1672 1.3900
25000 0.2391 0.0010 4.13 1672 1.3957
25100 0.2355 0.0010 4.12 1672 1.4014
25200 0.2333 0.0010 4.11 1672 1.4070
25300 0.2333 0.0010 4.10 1672 1.4126
25400 0.2333 0.0010 4.09 1672 1.4183
25500 0.2333 0.0010 4.08 1672 1.4240
25600 0.2333 0.0010 4.08 1672 1.4296
25700 0.2333 0.0010 4.07 1672 1.4353
25800 0.2333 0.0010 4.06 1672 1.4409
25900 0.2333 0.0010 4.05 1672 1.4465
26000 0.2333 0.0010 4.04 1672 1.4522
26100 0.2333 0.0010 4.04 1672 1.4579
26200 0.2333 0.0010 4.03 1672 1.4636
26300 0.2333 0.0010 4.02 1672 1.4693
26400 0.2333 0.0010 4.01 1672 1.4749
26500 0.2333 0.0010 4.01 1672 1.4806
26600 0.2333 0.0010 4.00 1672 1.4862
26700 0.2333 0.0010 3.99 1672 1.4919
26800 0.2333 0.0010 3.98 1672 1.4975
26900 0.2333 0.0010 3.98 1672 1.5032
27000 0.2333 0.0010 3.97 1672 1.5089
27100 0.2333 0.0010 3.96 1672 1.5146
27200 0.2333 0.0010 3.95 1672 1.5203
27300 0.2333 0.0010 3.95 1672 1.5260
27400 0.2333 0.0010 3.94 1672 1.5316
27500 0.2333 0.0010 3.93 1672 1.5373
27600 0.2333 0.0010 3.93 1672 1.5431
27700 0.2333 0.0010 3.92 1672 1.5487
27800 0.2333 0.0010 3.91 1672 1.5544
27900 0.2333 0.0010 3.91 1672 1.5600
28000 0.2333 0.0010 3.90 1672 1.5657
28100 0.2333 0.0010 3.89 1672 1.5714
28200 0.2333 0.0010 3.89 1672 1.5771
28300 0.2333 0.0010 3.88 1672 1.5828
28400 0.2333 0.0010 3.87 1672 1.5884
28500 0.2333 0.0010 3.87 1672 1.5941
28600 0.2333 0.0010 3.86 1672 1.5998
28700 0.2333 0.0010 3.85 1672 1.6055
28800 0.2333 0.0010 3.85 1672 1.6111
28900 0.2333 0.0010 3.84 1672 1.6168
29000 0.2333 0.0010 3.83 1672 1.6225
29100 0.2333 0.0010 3.83 1672 1.6283
29200 0.2333 0.0010 3.82 1672 1.6340
29300 0.2333 0.0010 3.81 1672 1.6396
29400 0.2333 0.0010 3.81 1672 1.6453
29500 0.2333 0.0010 3.80 1672 1.6511
29600 0.2333 0.0010 3.80 1672 1.6568
29700 0.2333 0.0010 3.79 1672 1.6624
29800 0.2333 0.0010 3.78 1672 1.6682
29900 0.2333 0.0010 3.78 1672 1.6739
30000 0.2333 0.0010 3.77 1672 1.6795
30100 0.2333 0.0010 3.77 1672 1.6853
30200 0.2333 0.0010 3.76 1672 1.6910
30300 0.2333 0.0010 3.75 1672 1.6967
30400 0.2333 0.0010 3.75 1672 1.7024
30500 0.2333 0.0010 3.74 1672 1.7081
30600 0.2333 0.0010 3.74 1672 1.7137
30700 0.2333 0.0010 3.73 1672 1.7194
30800 0.2333 0.0010 3.73 1672 1.7251
30900 0.2333 0.0010 3.72 1672 1.7308
31000 0.2333 0.0010 3.71 1672 1.7365
31100 0.2333 0.0010 3.71 1672 1.7422
31200 0.2333 0.0010 3.70 1672 1.7479
31300 0.2333 0.0010 3.70 1672 1.7536
31400 0.2333 0.0010 3.69 1672 1.7594
31500 0.2333 0.0010 3.69 1672 1.7650
31600 0.2333 0.0010 3.68 1672 1.7707
31700 0.2333 0.0010 3.68 1672 1.7764
31800 0.2288 0.0010 3.68 1676 1.7821
31900 0.2279 0.0010 3.69 1683 1.7878
32000 0.2247 0.0010 3.69 1692 1.7934
32100 0.2197 0.0010 3.69 1701 1.7991
32200 0.2202 0.0010 3.70 1708 1.8048
32300 0.2248 0.0010 3.70 1714 1.8105
32400 0.2224 0.0010 3.70 1722 1.8162
32500 0.2187 0.0010 3.70 1731 1.8219
32600 0.2208 0.0010 3.70 1738 1.8276
32700 0.2205 0.0010 3.70 1747 1.8332
32800 0.2273 0.0010 3.70 1754 1.8389
32900 0.2267 0.0010 3.70 1763 1.8446
33000 0.2318 0.0010 3.71 1771 1.8503
33100 0.2319 0.0010 3.70 1780 1.8560
33200 0.2309 0.0010 3.70 1788 1.8617
33300 0.2312 0.0010 3.71 1794 1.8673
33400 0.2357 0.0010 3.71 1801 1.8730
33500 0.2370 0.0010 3.71 1810 1.8787
33600 0.2458 0.0010 3.73 1813 1.8843
33700 0.2477 0.0010 3.73 1818 1.8900
33800 0.2495 0.0010 3.73 1824 1.8956
33900 0.2528 0.0010 3.73 1832 1.9013
34000 0.2519 0.0010 3.74 1837 1.9070
34100 0.2546 0.0010 3.73 1844 1.9126
34200 0.2566 0.0010 3.74 1851 1.9183
34300 0.2541 0.0010 3.73 1854 1.9239
34400 0.2521 0.0010 3.73 1854 1.9296
34500 0.2545 0.0010 3.72 1854 1.9352
34600 0.2436 0.0010 3.72 1854 1.9409
34700 0.2420 0.0010 3.71 1854 1.9466
34800 0.2379 0.0010 3.71 1854 1.9522
34900 0.2361 0.0010 3.71 1854 1.9579
35000 0.2351 0.0010 3.70 1854 1.9636
35100 0.2372 0.0010 3.70 1854 1.9692
35200 0.2358 0.0010 3.69 1854 1.9749
35300 0.2333 0.0010 3.69 1854 1.9806
35400 0.2333 0.0010 3.68 1854 1.9864
35500 0.2331 0.0010 3.68 1859 1.9920
35600 0.2291 0.0010 3.68 1868 1.9977
35700 0.2258 0.0010 3.68 1877 2.0033
35800 0.2221 0.0010 3.69 1886 2.0090
35900 0.2194 0.0010 3.69 1895 2.0146
36000 0.2175 0.0010 3.69 1905 2.0203
36100 0.2144 0.0010 3.69 1914 2.0260
36200 0.2127 0.0010 3.69 1923 2.0316
36300 0.2126 0.0010 3.69 1931 2.0373
36400 0.2092 0.0010 3.69 1941 2.0430
36500 0.2111 0.0010 3.69 1949 2.0486
36600 0.2134 0.0010 3.69 1956 2.0542
36700 0.2309 0.0010 3.71 1957 2.0599
36800 0.2294 0.0010 3.71 1966 2.0656
36900 0.2320 0.0010 3.71 1974 2.0712
37000 0.2327 0.0010 3.71 1981 2.0769
37100 0.2375 0.0010 3.71 1988 2.0826
37200 0.2406 0.0010 3.71 1995 2.0883
37300 0.2357 0.0010 3.71 2004 2.0940
37400 0.2447 0.0010 3.72 2009 2.0996
37500 0.2429 0.0010 3.72 2016 2.1053
37600 0.2426 0.0010 3.72 2024 2.1110
37700 0.2268 0.0010 3.72 2032 2.1166
37800 0.2349 0.0010 3.73 2039 2.1223
37900 0.2319 0.0010 3.73 2048 2.1279
38000 0.2331 0.0010 3.73 2056 2.1336
38100 0.2336 0.0010 3.73 2063 2.1392
38200 0.2361 0.0010 3.73 2069 2.1448
38300 0.2420 0.0010 3.73 2077 2.1505
38400 0.2347 0.0010 3.73 2085 2.1561
38500 0.2292 0.0010 3.74 2095 2.1618
38600 0.2350 0.0010 3.74 2101 2.1675
38700 0.2370 0.0010 3.74 2109 2.1731
38800 0.2346 0.0010 3.74 2117 2.1788
38900 0.2348 0.0010 3.74 2125 2.1844
39000 0.2319 0.0010 3.74 2134 2.1901
39100 0.2332 0.0010 3.75 2140 2.1958
39200 0.2286 0.0010 3.74 2148 2.2014
39300 0.2350 0.0010 3.75 2153 2.2071
39400 0.2406 0.0010 3.76 2160 2.2127
39500 0.2464 0.0010 3.76 2167 2.2184
39600 0.2404 0.0010 3.76 2176 2.2241
39700 0.2431 0.0010 3.76 2182 2.2298
39800 0.2444 0.0010 3.77 2189 2.2355
39900 0.2507 0.0010 3.77 2195 2.2411
40000 0.2540 0.0010 3.77 2202 2.2467
40100 0.2493 0.0010 3.77 2211 2.2525
40200 0.2490 0.0010 3.77 2219 2.2581
40300 0.2480 0.0010 3.78 2223 2.2637
40400 0.2438 0.0010 3.78 2231 2.2694
40500 0.2437 0.0010 3.78 2240 2.2750
40600 0.2503 0.0010 3.78 2245 2.2807
40700 0.2458 0.0010 3.78 2253 2.2864
40800 0.2441 0.0010 3.78 2253 2.2920
40900 0.2408 0.0010 3.77 2253 2.2977
41000 0.2403 0.0010 3.77 2253 2.3033
41100 0.2415 0.0010 3.76 2253 2.3090
41200 0.2425 0.0010 3.76 2253 2.3147
41300 0.2362 0.0010 3.75 2253 2.3203
41400 0.2365 0.0010 3.75 2253 2.3260
41500 0.2365 0.0010 3.75 2253 2.3317
41600 0.2321 0.0010 3.74 2253 2.3374
41700 0.2333 0.0010 3.74 2253 2.3431
41800 0.2333 0.0010 3.73 2253 2.3488
41900 0.2333 0.0010 3.73 2253 2.3545
42000 0.2333 0.0010 3.73 2253 2.3602
42100 0.2333 0.0010 3.72 2253 2.3659
42200 0.2333 0.0010 3.72 2253 2.3716
42300 0.2333 0.0010 3.71 2253 2.3773
42400 0.2333 0.0010 3.71 2253 2.3830
42500 0.2333 0.0010 3.71 2253 2.3886
42600 0.2333 0.0010 3.70 2253 2.3943
42700 0.2333 0.0010 3.70 2253 2.4001
42800 0.2333 0.0010 3.69 2253 2.4058
42900 0.2333 0.0010 3.69 2253 2.4115
43000 0.2333 0.0010 3.69 2253 2.4171
43100 0.2333 0.0010 3.68 2253 2.4228
43200 0.2333 0.0010 3.68 2253 2.4286
43300 0.2333 0.0010 3.67 2253 2.4342
43400 0.2333 0.0010 3.67 2253 2.4399
43500 0.2333 0.0010 3.67 2253 2.4456
43600 0.2333 0.0010 3.66 2253 2.4513
43700 0.2333 0.0010 3.66 2253 2.4570
43800 0.2333 0.0010 3.65 2253 2.4627
43900 0.2333 0.0010 3.65 2253 2.4683
44000 0.2333 0.0010 3.65 2253 2.4740
44100 0.2333 0.0010 3.64 2253 2.4797
44200 0.2333 0.0010 3.64 2253 2.4854
44300 0.2333 0.0010 3.64 2253 2.4910
44400 0.2333 0.0010 3.63 2253 2.4967
44500 0.2333 0.0010 3.63 2253 2.5024
44600 0.2333 0.0010 3.62 2253 2.5081
44700 0.2333 0.0010 3.62 2253 2.5137
44800 0.2333 0.0010 3.62 2253 2.5194
44900 0.2333 0.0010 3.61 2253 2.5251
45000 0.2333 0.0010 3.61 2253 2.5308
45100 0.2333 0.0010 3.61 2253 2.5365
45200 0.2333 0.0010 3.60 2253 2.5422
45300 0.2333 0.0010 3.60 2253 2.5478
45400 0.2333 0.0010 3.60 2253 2.5535
45500 0.2333 0.0010 3.59 2253 2.5592
45600 0.2333 0.0010 3.59 2253 2.5650
45700 0.2318 0.0010 3.59 2258 2.5706
45800 0.2289 0.0010 3.59 2266 2.5763
45900 0.2226 0.0010 3.59 2274 2.5819
46000 0.2173 0.0010 3.59 2284 2.5876
46100 0.2181 0.0010 3.59 2291 2.5933
46200 0.2177 0.0010 3.60 2299 2.5990
46300 0.2170 0.0010 3.60 2307 2.6047
46400 0.2149 0.0010 3.60 2315 2.6103
46500 0.2112 0.0010 3.60 2324 2.6160
46600 0.2094 0.0010 3.60 2332 2.6217
46700 0.2098 0.0010 3.60 2340 2.6273
46800 0.2087 0.0010 3.60 2349 2.6330
46900 0.2143 0.0010 3.60 2357 2.6387
47000 0.2215 0.0010 3.60 2364 2.6444
47100 0.2233 0.0010 3.60 2372 2.6500
47200 0.2204 0.0010 3.60 2381 2.6557
47300 0.2192 0.0010 3.60 2389 2.6614
47400 0.2213 0.0010 3.60 2389 2.6671
47500 0.2249 0.0010 3.60 2389 2.6728
47600 0.2268 0.0010 3.60 2389 2.6784
47700 0.2279 0.0010 3.60 2389 2.6841
47800 0.2319 0.0010 3.59 2389 2.6898
47900 0.2325 0.0010 3.59 2389 2.6955
48000 0.2294 0.0010 3.59 2392 2.7012
48100 0.2306 0.0010 3.59 2398 2.7069
48200 0.2307 0.0010 3.59 2408 2.7126
48300 0.2290 0.0010 3.59 2416 2.7182
48400 0.2276 0.0010 3.59 2424 2.7239
48500 0.2241 0.0010 3.59 2432 2.7296
48600 0.2205 0.0010 3.59 2440 2.7352
48700 0.2175 0.0010 3.59 2450 2.7409
48800 0.2161 0.0010 3.59 2457 2.7466
48900 0.2157 0.0010 3.59 2466 2.7523
49000 0.2197 0.0010 3.59 2472 2.7579
49100 0.2165 0.0010 3.59 2480 2.7636
49200 0.2179 0.0010 3.59 2489 2.7693
49300 0.2279 0.0010 3.60 2494 2.7749
49400 0.2305 0.0010 3.60 2503 2.7806
49500 0.2320 0.0010 3.60 2511 2.7863
49600 0.2356 0.0010 3.60 2511 2.7919
49700 0.2385 0.0010 3.60 2511 2.7977
49800 0.2383 0.0010 3.60 2517 2.8033
49900 0.2368 0.0010 3.60 2525 2.8090
50000 0.2366 0.0010 3.60 2533 2.8147
50100 0.2360 0.0010 3.60 2540 2.8203
50200 0.2368 0.0010 3.60 2548 2.8260
50300 0.2304 0.0010 3.60 2548 2.8317
50400 0.2277 0.0010 3.60 2554 2.8374
50500 0.2277 0.0010 3.60 2562 2.8431
50600 0.2241 0.0010 3.60 2571 2.8487
50700 0.2229 0.0010 3.60 2579 2.8544
50800 0.2239 0.0010 3.60 2588 2.8601
50900 0.2233 0.0010 3.60 2596 2.8658
51000 0.2211 0.0010 3.60 2604 2.8714
51100 0.2167 0.0010 3.60 2614 2.8771
51200 0.2255 0.0010 3.61 2618 2.8828
51300 0.2296 0.0010 3.62 2624 2.8885
51400 0.2294 0.0010 3.62 2633 2.8941
51500 0.2308 0.0010 3.62 2641 2.8998
51600 0.2299 0.0010 3.62 2651 2.9055
51700 0.2300 0.0010 3.61 2653 2.9112
51800 0.2289 0.0010 3.61 2661 2.9169
51900 0.2299 0.0010 3.62 2669 2.9225
52000 0.2279 0.0010 3.62 2676 2.9282
52100 0.2273 0.0010 3.62 2683 2.9339
52200 0.2203 0.0010 3.62 2689 2.9395
52300 0.2329 0.0010 3.63 2689 2.9452
52400 0.2488 0.0010 3.65 2690 2.9509
52500 0.2506 0.0010 3.65 2697 2.9565
52600 0.2527 0.0010 3.65 2706 2.9622
52700 0.2486 0.0010 3.65 2715 2.9678
52800 0.2483 0.0010 3.65 2725 2.9735
52900 0.2528 0.0010 3.65 2731 2.9791
53000 0.2517 0.0010 3.65 2741 2.9848
53100 0.2550 0.0010 3.65 2750 2.9904
53200 0.2540 0.0010 3.65 2758 2.9960
53300 0.2328 0.0010 3.65 2767 3.0017
53400 0.2178 0.0010 3.65 2775 3.0074
53500 0.2139 0.0010 3.65 2784 3.0130
53600 0.2327 0.0010 3.67 2784 3.0187
53700 0.2421 0.0010 3.67 2790 3.0244
53800 0.2429 0.0010 3.67 2798 3.0301
53900 0.2384 0.0010 3.67 2806 3.0358
54000 0.2582 0.0010 3.69 2806 3.0415
54100 0.2670 0.0010 3.69 2811 3.0471
54200 0.2628 0.0010 3.69 2820 3.0528
54300 0.2674 0.0010 3.69 2828 3.0585
54400 0.2741 0.0010 3.70 2833 3.0641
54500 0.2782 0.0010 3.70 2839 3.0698
54600 0.2594 0.0010 3.70 2848 3.0754
54700 0.2713 0.0010 3.72 2848 3.0811
54800 0.2723 0.0010 3.72 2854 3.0867
54900 0.2702 0.0010 3.72 2863 3.0923
55000 0.2707 0.0010 3.73 2863 3.0980
55100 0.2588 0.0010 3.73 2873 3.1036
55200 0.2583 0.0010 3.73 2883 3.1092
55300 0.2542 0.0010 3.73 2892 3.1149
55400 0.2501 0.0010 3.73 2899 3.1206
55500 0.2468 0.0010 3.73 2907 3.1262
55600 0.2590 0.0010 3.74 2910 3.1319
55700 0.2418 0.0010 3.75 2918 3.1375
55800 0.2456 0.0010 3.75 2924 3.1431
55900 0.2489 0.0010 3.75 2932 3.1488
56000 0.2324 0.0010 3.75 2940 3.1544
56100 0.2379 0.0010 3.75 2949 3.1601
56200 0.2382 0.0010 3.75 2957 3.1658
56300 0.2455 0.0010 3.75 2963 3.1714
56400 0.2434 0.0010 3.75 2971 3.1770
56500 0.2462 0.0010 3.76 2978 3.1827
56600 0.2403 0.0010 3.76 2984 3.1883
56700 0.2386 0.0010 3.76 2993 3.1939
56800 0.2378 0.0010 3.76 2997 3.1996
56900 0.2348 0.0010 3.76 3005 3.2052
57000 0.2340 0.0010 3.76 3013 3.2109
57100 0.2326 0.0010 3.76 3021 3.2165
57200 0.2430 0.0010 3.77 3026 3.2222
57300 0.2460 0.0010 3.77 3031 3.2278
57400 0.2400 0.0010 3.77 3040 3.2335
57500 0.2416 0.0010 3.78 3046 3.2391
57600 0.2407 0.0010 3.78 3050 3.2448
57700 0.2455 0.0010 3.78 3057 3.2504
57800 0.2400 0.0010 3.78 3066 3.2561
57900 0.2475 0.0010 3.79 3071 3.2618
58000 0.2457 0.0010 3.79 3080 3.2674
58100 0.2535 0.0010 3.79 3084 3.2731
58200 0.2474 0.0010 3.79 3092 3.2788
58300 0.2420 0.0010 3.80 3100 3.2844
58400 0.2469 0.0010 3.80 3109 3.2901
58500 0.2543 0.0010 3.80 3112 3.2957
58600 0.2486 0.0010 3.80 3121 3.3014
58700 0.2523 0.0010 3.81 3126 3.3071
58800 0.2574 0.0010 3.81 3134 3.3128
58900 0.2519 0.0010 3.81 3142 3.3184
59000 0.2530 0.0010 3.81 3150 3.3241
59100 0.2501 0.0010 3.81 3156 3.3297
59200 0.2497 0.0010 3.81 3165 3.3354
59300 0.2510 0.0010 3.81 3172 3.3410
59400 0.2514 0.0010 3.81 3180 3.3466
59500 0.2489 0.0010 3.82 3184 3.3523
59600 0.2494 0.0010 3.82 3191 3.3579
59700 0.2422 0.0010 3.82 3196 3.3635
59800 0.2381 0.0010 3.82 3204 3.3691
59900 0.2361 0.0010 3.82 3213 3.3747
60000 0.2370 0.0010 3.82 3221 3.3804
60100 0.2323 0.0010 3.82 3228 3.3861
60200 0.2330 0.0010 3.81 3228 3.3917
60300 0.2308 0.0010 3.81 3228 3.3974
60400 0.2319 0.0010 3.81 3228 3.4031
60500 0.2246 0.0010 3.80 3228 3.4087
60600 0.2269 0.0010 3.80 3228 3.4144
60700 0.2283 0.0010 3.80 3228 3.4200
60800 0.2301 0.0010 3.80 3228 3.4257
60900 0.2338 0.0010 3.79 3229 3.4314
61000 0.2287 0.0010 3.79 3235 3.4371
61100 0.2227 0.0010 3.79 3247 3.4428
61200 0.2203 0.0010 3.79 3256 3.4484
61300 0.2202 0.0010 3.79 3264 3.4540
61400 0.2188 0.0010 3.79 3273 3.4597
61500 0.2170 0.0010 3.79 3280 3.4654
61600 0.2160 0.0010 3.79 3282 3.4710
61700 0.2091 0.0010 3.79 3293 3.4767
61800 0.2078 0.0010 3.79 3302 3.4824
61900 0.2153 0.0010 3.80 3305 3.4880
62000 0.2179 0.0010 3.80 3311 3.4937
62100 0.2207 0.0010 3.80 3320 3.4994
62200 0.2259 0.0010 3.80 3326 3.5050
62300 0.2260 0.0010 3.80 3332 3.5106
62400 0.2260 0.0010 3.80 3339 3.5163
62500 0.2235 0.0010 3.80 3348 3.5219
62600 0.2307 0.0010 3.80 3353 3.5275
62700 0.2472 0.0010 3.81 3356 3.5332
62800 0.2482 0.0010 3.81 3364 3.5389
62900 0.2386 0.0010 3.81 3373 3.5446
63000 0.2428 0.0010 3.82 3379 3.5502
63100 0.2491 0.0010 3.82 3386 3.5558
63200 0.2457 0.0010 3.82 3394 3.5615
63300 0.2467 0.0010 3.82 3401 3.5671
63400 0.2476 0.0010 3.82 3410 3.5727
63500 0.2501 0.0010 3.82 3418 3.5784
63600 0.2430 0.0010 3.82 3426 3.5841
63700 0.2338 0.0010 3.82 3434 3.5897
63800 0.2332 0.0010 3.82 3443 3.5953
63900 0.2357 0.0010 3.82 3451 3.6009
64000 0.2359 0.0010 3.82 3457 3.6066
64100 0.2388 0.0010 3.82 3463 3.6123
64200 0.2378 0.0010 3.82 3468 3.6179
64300 0.2369 0.0010 3.82 3468 3.6236
64400 0.2373 0.0010 3.81 3468 3.6293
64500 0.2390 0.0010 3.81 3468 3.6349
64600 0.2400 0.0010 3.81 3468 3.6406
64700 0.2395 0.0010 3.80 3468 3.6463
64800 0.2405 0.0010 3.80 3468 3.6519
64900 0.2396 0.0010 3.80 3468 3.6576
65000 0.2375 0.0010 3.79 3468 3.6633
65100 0.2319 0.0010 3.79 3468 3.6690
65200 0.2333 0.0010 3.79 3468 3.6747
65300 0.2333 0.0010 3.79 3468 3.6803
65400 0.2333 0.0010 3.78 3468 3.6860
65500 0.2333 0.0010 3.78 3468 3.6917
65600 0.2333 0.0010 3.78 3468 3.6974
65700 0.2333 0.0010 3.77 3468 3.7030
65800 0.2333 0.0010 3.77 3468 3.7087
65900 0.2333 0.0010 3.77 3468 3.7144
66000 0.2333 0.0010 3.76 3468 3.7201
66100 0.2333 0.0010 3.76 3468 3.7258
66200 0.2333 0.0010 3.76 3468 3.7315
66300 0.2333 0.0010 3.76 3468 3.7372
66400 0.2333 0.0010 3.75 3468 3.7429
66500 0.2333 0.0010 3.75 3468 3.7485
66600 0.2333 0.0010 3.75 3468 3.7542
66700 0.2333 0.0010 3.74 3468 3.7599
66800 0.2333 0.0010 3.74 3468 3.7657
66900 0.2333 0.0010 3.74 3468 3.7714
67000 0.2333 0.0010 3.74 3468 3.7770
67100 0.2333 0.0010 3.73 3468 3.7827
67200 0.2333 0.0010 3.73 3468 3.7884
67300 0.2333 0.0010 3.73 3468 3.7941
67400 0.2333 0.0010 3.72 3468 3.7998
67500 0.2333 0.0010 3.72 3468 3.8054
67600 0.2333 0.0010 3.72 3468 3.8111
67700 0.2333 0.0010 3.72 3468 3.8168
67800 0.2312 0.0010 3.72 3474 3.8225
67900 0.2316 0.0010 3.72 3481 3.8282
68000 0.2319 0.0010 3.72 3488 3.8338
68100 0.2301 0.0010 3.72 3491 3.8395
68200 0.2244 0.0010 3.72 3501 3.8451
68300 0.2234 0.0010 3.72 3506 3.8508
68400 0.2234 0.0010 3.71 3506 3.8565
68500 0.2234 0.0010 3.71 3506 3.8622
68600 0.2227 0.0010 3.71 3510 3.8678
68700 0.2205 0.0010 3.71 3518 3.8735
68800 0.2183 0.0010 3.71 3527 3.8791
68900 0.2140 0.0010 3.71 3536 3.8848
69000 0.2186 0.0010 3.71 3542 3.8905
69100 0.2208 0.0010 3.71 3550 3.8961
69200 0.2235 0.0010 3.71 3559 3.9018
69300 0.2253 0.0010 3.72 3567 3.9074
69400 0.2259 0.0010 3.72 3575 3.9130
69500 0.2227 0.0010 3.72 3585 3.9187
69600 0.2236 0.0010 3.72 3593 3.9243
69700 0.2260 0.0010 3.72 3602 3.9300
69800 0.2328 0.0010 3.72 3608 3.9357
69900 0.2375 0.0010 3.72 3615 3.9414
70000 0.2312 0.0010 3.72 3624 3.9471
70100 0.2320 0.0010 3.72 3630 3.9527
70200 0.2350 0.0010 3.72 3630 3.9584
70300 0.2342 0.0010 3.72 3630 3.9641
70400 0.2337 0.0010 3.71 3630 3.9698
70500 0.2368 0.0010 3.71 3630 3.9755
70600 0.2366 0.0010 3.71 3630 3.9812
70700 0.2365 0.0010 3.71 3630 3.9869
70800 0.2340 0.0010 3.70 3630 3.9925
70900 0.2331 0.0010 3.70 3630 3.9983
71000 0.2346 0.0010 3.70 3630 4.0039
71100 0.2333 0.0010 3.70 3630 4.0096
71200 0.2333 0.0010 3.70 3630 4.0153
71300 0.2333 0.0010 3.69 3630 4.0210
71400 0.2333 0.0010 3.69 3630 4.0268
71500 0.2314 0.0010 3.69 3638 4.0325
71600 0.2237 0.0010 3.69 3647 4.0381
71700 0.2191 0.0010 3.69 3656 4.0438
71800 0.2183 0.0010 3.69 3664 4.0495
71900 0.2159 0.0010 3.69 3674 4.0551
72000 0.2122 0.0010 3.69 3683 4.0608
72100 0.2094 0.0010 3.69 3692 4.0664
72200 0.2096 0.0010 3.69 3701 4.0721
72300 0.2105 0.0010 3.69 3708 4.0778
72400 0.2092 0.0010 3.69 3717 4.0835
72500 0.2070 0.0010 3.69 3727 4.0891
72600 0.2121 0.0010 3.70 3736 4.0947
72700 0.2129 0.0010 3.70 3746 4.1004
72800 0.2147 0.0010 3.70 3754 4.1060
72900 0.2158 0.0010 3.70 3763 4.1117
73000 0.2131 0.0010 3.70 3774 4.1174
73100 0.2167 0.0010 3.70 3782 4.1231
73200 0.2184 0.0010 3.70 3785 4.1287
73300 0.2176 0.0010 3.70 3785 4.1344
73400 0.2189 0.0010 3.69 3785 4.1401
73500 0.2230 0.0010 3.69 3785 4.1457
73600 0.2257 0.0010 3.69 3785 4.1514
73700 0.2294 0.0010 3.69 3785 4.1570
73800 0.2284 0.0010 3.68 3785 4.1627
73900 0.2297 0.0010 3.68 3785 4.1683
74000 0.2361 0.0010 3.68 3785 4.1740
74100 0.2346 0.0010 3.68 3786 4.1797
74200 0.2344 0.0010 3.68 3792 4.1854
74300 0.2285 0.0010 3.68 3801 4.1910
74400 0.2283 0.0010 3.68 3809 4.1967
74500 0.2274 0.0010 3.68 3817 4.2023
74600 0.2284 0.0010 3.68 3825 4.2080
74700 0.2282 0.0010 3.68 3833 4.2136
74800 0.2323 0.0010 3.68 3840 4.2193
74900 0.2314 0.0010 3.68 3848 4.2249
75000 0.2457 0.0010 3.69 3849 4.2306
75100 0.2631 0.0010 3.70 3849 4.2363
75200 0.2730 0.0010 3.71 3850 4.2420
75300 0.2789 0.0010 3.71 3850 4.2477
75400 0.2754 0.0010 3.71 3858 4.2534
75500 0.2721 0.0010 3.71 3867 4.2591
75600 0.2729 0.0010 3.71 3875 4.2648
75700 0.2703 0.0010 3.71 3884 4.2704
75800 0.2640 0.0010 3.71 3889 4.2761
75900 0.2640 0.0010 3.72 3897 4.2817
76000 0.2485 0.0010 3.72 3906 4.2874
76100 0.2302 0.0010 3.72 3915 4.2931
76200 0.2163 0.0010 3.72 3924 4.2987
76300 0.2165 0.0010 3.72 3932 4.3043
76400 0.2210 0.0010 3.72 3941 4.3100
76500 0.2218 0.0010 3.72 3947 4.3156
76600 0.2192 0.0010 3.72 3948 4.3213
76700 0.2219 0.0010 3.72 3948 4.3269
76800 0.2241 0.0010 3.72 3948 4.3326
76900 0.2251 0.0010 3.71 3948 4.3383
77000 0.2263 0.0010 3.71 3948 4.3440
77100 0.2278 0.0010 3.71 3948 4.3496
77200 0.2300 0.0010 3.71 3948 4.3553
77300 0.2298 0.0010 3.70 3948 4.3610
77400 0.2291 0.0010 3.70 3948 4.3667
77500 0.2325 0.0010 3.70 3948 4.3724
77600 0.2333 0.0010 3.70 3948 4.3781
77700 0.2333 0.0010 3.69 3948 4.3838
77800 0.2333 0.0010 3.69 3948 4.3894
77900 0.2333 0.0010 3.69 3948 4.3951
78000 0.2333 0.0010 3.69 3948 4.4008
78100 0.2333 0.0010 3.68 3948 4.4065
78200 0.2333 0.0010 3.68 3948 4.4121
78300 0.2333 0.0010 3.68 3948 4.4178
78400 0.2333 0.0010 3.68 3948 4.4235
78500 0.2327 0.0010 3.68 3951 4.4291
78600 0.2291 0.0010 3.68 3959 4.4348
78700 0.2273 0.0010 3.68 3967 4.4405
78800 0.2247 0.0010 3.68 3976 4.4461
78900 0.2226 0.0010 3.68 3983 4.4518
79000 0.2193 0.0010 3.68 3987 4.4576
79100 0.2152 0.0010 3.68 3996 4.4632
79200 0.2172 0.0010 3.68 4003 4.4689
79300 0.2145 0.0010 3.68 4012 4.4745
79400 0.2124 0.0010 3.68 4017 4.4802
79500 0.2135 0.0010 3.67 4017 4.4859
79600 0.2163 0.0010 3.67 4018 4.4916
79700 0.2182 0.0010 3.67 4018 4.4972
79800 0.2207 0.0010 3.67 4018 4.5029
79900 0.2228 0.0010 3.66 4018 4.5086
80000 0.2262 0.0010 3.66 4024 4.5143
80100 0.2276 0.0010 3.66 4033 4.5199
80200 0.2235 0.0010 3.67 4042 4.5256
80300 0.2259 0.0010 3.67 4051 4.5312
80400 0.2246 0.0010 3.67 4060 4.5369
80500 0.2203 0.0010 3.67 4069 4.5425
80600 0.2196 0.0010 3.67 4078 4.5481
80700 0.2183 0.0010 3.67 4084 4.5538
80800 0.2183 0.0010 3.67 4084 4.5596
80900 0.2183 0.0010 3.66 4084 4.5653
81000 0.2136 0.0010 3.66 4092 4.5709
81100 0.2155 0.0010 3.66 4100 4.5766
81200 0.2163 0.0010 3.67 4109 4.5822
81300 0.2168 0.0010 3.67 4117 4.5879
81400 0.2191 0.0010 3.67 4126 4.5935
81500 0.2240 0.0010 3.67 4135 4.5992
81600 0.2228 0.0010 3.67 4140 4.6049
81700 0.2241 0.0010 3.67 4140 4.6106
81800 0.2231 0.0010 3.67 4148 4.6162
81900 0.2252 0.0010 3.67 4155 4.6218
82000 0.2281 0.0010 3.67 4163 4.6275
82100 0.2255 0.0010 3.67 4169 4.6331
82200 0.2283 0.0010 3.67 4176 4.6388
82300 0.2255 0.0010 3.67 4185 4.6445
82400 0.2266 0.0010 3.67 4185 4.6502
82500 0.2255 0.0010 3.67 4185 4.6558
82600 0.2283 0.0010 3.66 4185 4.6615
82700 0.2283 0.0010 3.66 4185 4.6672
82800 0.2293 0.0010 3.66 4185 4.6729
82900 0.2272 0.0010 3.66 4185 4.6785
83000 0.2289 0.0010 3.66 4185 4.6842
83100 0.2323 0.0010 3.65 4185 4.6899
83200 0.2308 0.0010 3.65 4185 4.6955
83300 0.2333 0.0010 3.65 4185 4.7012
83400 0.2333 0.0010 3.65 4185 4.7069
83500 0.2333 0.0010 3.65 4185 4.7126
83600 0.2333 0.0010 3.64 4185 4.7184
83700 0.2333 0.0010 3.64 4185 4.7240
83800 0.2333 0.0010 3.64 4185 4.7297
83900 0.2333 0.0010 3.64 4185 4.7354
84000 0.2333 0.0010 3.64 4185 4.7410
84100 0.2333 0.0010 3.63 4185 4.7467
84200 0.2333 0.0010 3.63 4185 4.7524
84300 0.2333 0.0010 3.63 4185 4.7581
84400 0.2333 0.0010 3.63 4185 4.7638
84500 0.2333 0.0010 3.63 4185 4.7695
84600 0.2333 0.0010 3.62 4185 4.7752
84700 0.2333 0.0010 3.62 4185 4.7809
84800 0.2333 0.0010 3.62 4185 4.7865
84900 0.2333 0.0010 3.62 4185 4.7923
85000 0.2333 0.0010 3.62 4185 4.7980
85100 0.2333 0.0010 3.62 4185 4.8037
85200 0.2333 0.0010 3.61 4185 4.8094
85300 0.2333 0.0010 3.61 4185 4.8150
85400 0.2333 0.0010 3.61 4185 4.8207
85500 0.2333 0.0010 3.61 4185 4.8264
85600 0.2333 0.0010 3.61 4185 4.8321
85700 0.2306 0.0010 3.61 4195 4.8378
85800 0.2277 0.0010 3.61 4203 4.8434
85900 0.2272 0.0010 3.61 4211 4.8491
86000 0.2270 0.0010 3.61 4219 4.8547
86100 0.2273 0.0010 3.61 4223 4.8604
86200 0.2273 0.0010 3.61 4223 4.8661
86300 0.2273 0.0010 3.60 4223 4.8718
86400 0.2287 0.0010 3.60 4224 4.8775
86500 0.2457 0.0010 3.60 4224 4.8832
86600 0.2436 0.0010 3.60 4233 4.8890
86700 0.2417 0.0010 3.60 4242 4.8946
86800 0.2420 0.0010 3.60 4251 4.9003
86900 0.2425 0.0010 3.61 4259 4.9060
87000 0.2422 0.0010 3.61 4267 4.9117
87100 0.2414 0.0010 3.61 4276 4.9174
87200 0.2400 0.0010 3.61 4279 4.9230
87300 0.2400 0.0010 3.61 4279 4.9287
87400 0.2375 0.0010 3.60 4284 4.9345
87500 0.2174 0.0010 3.60 4291 4.9401
87600 0.2190 0.0010 3.60 4294 4.9458
87700 0.2237 0.0010 3.60 4294 4.9515
87800 0.2264 0.0010 3.60 4294 4.9571
87900 0.2263 0.0010 3.60 4294 4.9628
88000 0.2268 0.0010 3.59 4294 4.9685
88100 0.2273 0.0010 3.59 4294 4.9741
88200 0.2260 0.0010 3.59 4299 4.9798
88300 0.2229 0.0010 3.59 4309 4.9855
88400 0.2239 0.0010 3.59 4316 4.9912
88500 0.2258 0.0010 3.59 4320 4.9969
88600 0.2245 0.0010 3.59 4329 5.0025
88700 0.2394 0.0010 3.59 4329 5.0082
88800 0.2561 0.0010 3.59 4329 5.0139
88900 0.2727 0.0010 3.59 4329 5.0196
89000 0.2894 0.0010 3.59 4329 5.0253
89100 0.3061 0.0010 3.58 4329 5.0310
89200 0.3255 0.0010 3.58 4329 5.0367
89300 0.3452 0.0010 3.58 4329 5.0424
89400 0.3620 0.0010 3.58 4329 5.0481
89500 0.3799 0.0010 3.58 4329 5.0538
89600 0.3982 0.0010 3.57 4329 5.0595
89700 0.4000 0.0010 3.57 4329 5.0651
89800 0.3968 0.0010 3.57 4330 5.0708
89900 0.3802 0.0010 3.57 4330 5.0765
90000 0.3635 0.0010 3.57 4330 5.0822
90100 0.3493 0.0010 3.57 4334 5.0879
90200 0.3260 0.0010 3.57 4344 5.0936
90300 0.3084 0.0010 3.57 4353 5.0993
90400 0.2893 0.0010 3.57 4362 5.1049
90500 0.2780 0.0010 3.58 4368 5.1106
90600 0.2780 0.0010 3.59 4368 5.1163
90700 0.2780 0.0010 3.60 4368 5.1220
90800 0.2660 0.0010 3.60 4375 5.1276
90900 0.2639 0.0010 3.60 4384 5.1333
91000 0.2632 0.0010 3.60 4390 5.1389
91100 0.2606 0.0010 3.60 4390 5.1446
91200 0.2663 0.0010 3.60 4396 5.1503
91300 0.2665 0.0010 3.60 4405 5.1559
91400 0.2689 0.0010 3.60 4412 5.1616
91500 0.2612 0.0010 3.60 4421 5.1673
91600 0.2523 0.0010 3.61 4425 5.1730
91700 0.2523 0.0010 3.62 4425 5.1786
91800 0.2675 0.0010 3.62 4425 5.1843
91900 0.2863 0.0010 3.63 4425 5.1900
92000 0.3037 0.0010 3.64 4425 5.1957
92100 0.3203 0.0010 3.65 4425 5.2014
92200 0.3341 0.0010 3.66 4427 5.2071
92300 0.3301 0.0010 3.66 4437 5.2127
92400 0.3248 0.0010 3.66 4446 5.2184
92500 0.3246 0.0010 3.66 4454 5.2240
92600 0.3147 0.0010 3.66 4462 5.2297
92700 0.2955 0.0010 3.66 4471 5.2354
92800 0.2797 0.0010 3.66 4479 5.2410
92900 0.2614 0.0010 3.66 4488 5.2467
93000 0.2614 0.0010 3.67 4488 5.2523
93100 0.2614 0.0010 3.68 4488 5.2580
93200 0.2522 0.0010 3.68 4492 5.2636
93300 0.2529 0.0010 3.68 4501 5.2692
93400 0.2563 0.0010 3.68 4509 5.2748
93500 0.2678 0.0010 3.69 4512 5.2805
93600 0.2866 0.0010 3.69 4512 5.2862
93700 0.2946 0.0010 3.70 4518 5.2919
93800 0.2937 0.0010 3.70 4526 5.2975
93900 0.2935 0.0010 3.70 4535 5.3031
94000 0.2741 0.0010 3.70 4544 5.3087
94100 0.2558 0.0010 3.70 4553 5.3144
94200 0.2495 0.0010 3.70 4561 5.3201
94300 0.2552 0.0010 3.70 4570 5.3257
94400 0.2573 0.0010 3.71 4578 5.3313
94500 0.2465 0.0010 3.71 4586 5.3370
94600 0.2298 0.0010 3.71 4594 5.3427
94700 0.2260 0.0010 3.71 4602 5.3483
94800 0.2267 0.0010 3.71 4609 5.3539
94900 0.2249 0.0010 3.71 4617 5.3596
95000 0.2252 0.0010 3.71 4626 5.3652
95100 0.2250 0.0010 3.71 4634 5.3709
95200 0.2245 0.0010 3.71 4644 5.3766
95300 0.2203 0.0010 3.71 4653 5.3822
95400 0.2154 0.0010 3.72 4662 5.3879
95500 0.2146 0.0010 3.72 4672 5.3935
95600 0.2138 0.0010 3.72 4677 5.3991
95700 0.2173 0.0010 3.72 4682 5.4048
95800 0.2332 0.0010 3.71 4682 5.4105
95900 0.2534 0.0010 3.71 4682 5.4161
96000 0.2727 0.0010 3.71 4682 5.4218
96100 0.2911 0.0010 3.71 4682 5.4275
96200 0.3111 0.0010 3.71 4682 5.4331
96300 0.3302 0.0010 3.71 4682 5.4388
96400 0.3516 0.0010 3.70 4682 5.4444
96500 0.3708 0.0010 3.70 4682 5.4501
96600 0.3884 0.0010 3.70 4682 5.4558
96700 0.4000 0.0010 3.70 4682 5.4615
96800 0.4000 0.0010 3.70 4682 5.4671
96900 0.4000 0.0010 3.70 4682 5.4728
97000 0.4000 0.0010 3.70 4682 5.4786
97100 0.4000 0.0010 3.69 4682 5.4842
97200 0.4000 0.0010 3.69 4682 5.4899
97300 0.4000 0.0010 3.69 4682 5.4956
97400 0.4000 0.0010 3.69 4682 5.5013
97500 0.4000 0.0010 3.69 4682 5.5070
97600 0.4000 0.0010 3.69 4682 5.5127
97700 0.4000 0.0010 3.68 4682 5.5183
97800 0.4000 0.0010 3.68 4682 5.5240
97900 0.4000 0.0010 3.68 4682 5.5297
98000 0.4000 0.0010 3.68 4682 5.5354
98100 0.4000 0.0010 3.68 4682 5.5410
98200 0.4000 0.0010 3.68 4682 5.5467
98300 0.4000 0.0010 3.67 4682 5.5523
98400 0.4000 0.0010 3.67 4682 5.5580
98500 0.4000 0.0010 3.67 4682 5.5637
98600 0.4000 0.0010 3.67 4682 5.5694
98700 0.4000 0.0010 3.67 4682 5.5750
98800 0.4000 0.0010 3.67 4682 5.5808
98900 0.4000 0.0010 3.67 4682 5.5864
99000 0.4000 0.0010 3.66 4682 5.5921
99100 0.4000 0.0010 3.66 4682 5.5979
99200 0.4000 0.0010 3.66 4682 5.6036
99300 0.3972 0.0010 3.66 4683 5.6092
99400 0.3804 0.0010 3.66 4684 5.6149
99500 0.3613 0.0010 3.66 4685 5.6205
99600 0.3446 0.0010 3.66 4685 5.6262
99700 0.3279 0.0010 3.65 4685 5.6319
99800 0.3113 0.0010 3.65 4685 5.6376
99900 0.2946 0.0010 3.65 4685 5.6432
100000 0.2779 0.0010 3.65 4685 5.6489
100100 0.2613 0.0010 3.65 4685 5.6546
100200 0.2446 0.0010 3.65 4685 5.6602
100300 0.2308 0.0010 3.64 4685 5.6659
100400 0.2309 0.0010 3.64 4685 5.6716
100500 0.2333 0.0010 3.64 4685 5.6772
100600 0.2333 0.0010 3.64 4685 5.6829
100700 0.2333 0.0010 3.64 4685 5.6886
100800 0.2333 0.0010 3.64 4685 5.6943
100900 0.2333 0.0010 3.63 4685 5.7000
101000 0.2333 0.0010 3.63 4685 5.7057
101100 0.2333 0.0010 3.63 4685 5.7114
101200 0.2333 0.0010 3.63 4685 5.7172
101300 0.2333 0.0010 3.63 4685 5.7228
101400 0.2333 0.0010 3.63 4685 5.7285
101500 0.2333 0.0010 3.62 4685 5.7342
101600 0.2333 0.0010 3.62 4685 5.7398
101700 0.2333 0.0010 3.62 4685 5.7455
101800 0.2333 0.0010 3.62 4685 5.7513
101900 0.2333 0.0010 3.62 4685 5.7569
102000 0.2333 0.0010 3.62 4685 5.7626
102100 0.2333 0.0010 3.61 4685 5.7684
102200 0.2333 0.0010 3.61 4685 5.7741
102300 0.2333 0.0010 3.61 4685 5.7798
102400 0.2333 0.0010 3.61 4685 5.7855
102500 0.2333 0.0010 3.61 4685 5.7912
102600 0.2333 0.0010 3.61 4685 5.7969
102700 0.2338 0.0010 3.61 4685 5.8026
102800 0.2479 0.0010 3.61 4686 5.8083
102900 0.2651 0.0010 3.61 4686 5.8139
103000 0.2821 0.0010 3.61 4686 5.8196
103100 0.2954 0.0010 3.61 4688 5.8253
103200 0.2958 0.0010 3.61 4693 5.8310
103300 0.2958 0.0010 3.61 4693 5.8367
103400 0.2958 0.0010 3.61 4693 5.8424
103500 0.2958 0.0010 3.61 4693 5.8481
103600 0.2958 0.0010 3.61 4693 5.8538
103700 0.2953 0.0010 3.61 4693 5.8595
103800 0.2812 0.0010 3.60 4693 5.8652
103900 0.2640 0.0010 3.60 4693 5.8709
104000 0.2470 0.0010 3.60 4693 5.8766
104100 0.2337 0.0010 3.60 4693 5.8823
104200 0.2333 0.0010 3.60 4693 5.8880
104300 0.2333 0.0010 3.60 4693 5.8937
104400 0.2333 0.0010 3.60 4693 5.8994
104500 0.2333 0.0010 3.59 4693 5.9050
104600 0.2333 0.0010 3.59 4693 5.9107
104700 0.2333 0.0010 3.59 4693 5.9164
104800 0.2333 0.0010 3.59 4693 5.9221
104900 0.2333 0.0010 3.59 4693 5.9278
105000 0.2333 0.0010 3.59 4693 5.9335
105100 0.2333 0.0010 3.58 4693 5.9392
105200 0.2333 0.0010 3.58 4693 5.9448
105300 0.2333 0.0010 3.58 4693 5.9505
105400 0.2333 0.0010 3.58 4693 5.9562
105500 0.2333 0.0010 3.58 4693 5.9619
105600 0.2333 0.0010 3.58 4693 5.9676
105700 0.2333 0.0010 3.58 4693 5.9733
105800 0.2333 0.0010 3.57 4693 5.9790
105900 0.2333 0.0010 3.57 4693 5.9846
106000 0.2333 0.0010 3.57 4693 5.9903
106100 0.2333 0.0010 3.57 4693 5.9960
106200 0.2333 0.0010 3.57 4693 6.0017
106300 0.2333 0.0010 3.57 4693 6.0074
106400 0.2333 0.0010 3.57 4693 6.0132
106500 0.2333 0.0010 3.56 4693 6.0189
106600 0.2333 0.0010 3.56 4693 6.0247
106700 0.2333 0.0010 3.56 4693 6.0304
106800 0.2333 0.0010 3.56 4693 6.0361
106900 0.2333 0.0010 3.56 4693 6.0418
107000 0.2333 0.0010 3.56 4693 6.0475
107100 0.2333 0.0010 3.56 4693 6.0532
107200 0.2333 0.0010 3.55 4693 6.0589
107300 0.2333 0.0010 3.55 4693 6.0646
107400 0.2333 0.0010 3.55 4693 6.0703
107500 0.2333 0.0010 3.55 4693 6.0759
107600 0.2333 0.0010 3.55 4693 6.0816
107700 0.2333 0.0010 3.55 4693 6.0873
107800 0.2333 0.0010 3.55 4693 6.0930
107900 0.2333 0.0010 3.54 4693 6.0987
108000 0.2333 0.0010 3.54 4693 6.1045
108100 0.2333 0.0010 3.54 4693 6.1102
108200 0.2333 0.0010 3.54 4693 6.1159
108300 0.2333 0.0010 3.54 4693 6.1216
108400 0.2333 0.0010 3.54 4693 6.1272
108500 0.2333 0.0010 3.54 4693 6.1330
108600 0.2333 0.0010 3.53 4693 6.1387
108700 0.2333 0.0010 3.53 4693 6.1444
108800 0.2333 0.0010 3.53 4693 6.1501
108900 0.2333 0.0010 3.53 4693 6.1558
109000 0.2333 0.0010 3.53 4693 6.1615
109100 0.2333 0.0010 3.53 4693 6.1673
109200 0.2333 0.0010 3.53 4693 6.1730
109300 0.2333 0.0010 3.52 4693 6.1787
109400 0.2333 0.0010 3.52 4693 6.1844
109500 0.2333 0.0010 3.52 4693 6.1901
109600 0.2333 0.0010 3.52 4693 6.1958
109700 0.2333 0.0010 3.52 4693 6.2015
109800 0.2333 0.0010 3.52 4693 6.2072
109900 0.2333 0.0010 3.52 4693 6.2129
110000 0.2333 0.0010 3.51 4693 6.2186
110100 0.2333 0.0010 3.51 4693 6.2243
110200 0.2333 0.0010 3.51 4693 6.2300
110300 0.2333 0.0010 3.51 4693 6.2357
110400 0.2333 0.0010 3.51 4693 6.2414
110500 0.2333 0.0010 3.51 4693 6.2471
110600 0.2333 0.0010 3.51 4693 6.2529
110700 0.2333 0.0010 3.50 4693 6.2587
110800 0.2333 0.0010 3.50 4693 6.2644
110900 0.2333 0.0010 3.50 4693 6.2700
111000 0.2333 0.0010 3.50 4693 6.2758
111100 0.2333 0.0010 3.50 4693 6.2815
111200 0.2333 0.0010 3.50 4693 6.2872
111300 0.2333 0.0010 3.50 4693 6.2929
111400 0.2333 0.0010 3.50 4693 6.2986
111500 0.2333 0.0010 3.49 4693 6.3044
111600 0.2333 0.0010 3.49 4693 6.3101
111700 0.2333 0.0010 3.49 4693 6.3158
111800 0.2333 0.0010 3.49 4693 6.3215
111900 0.2333 0.0010 3.49 4693 6.3273
112000 0.2333 0.0010 3.49 4693 6.3330
112100 0.2333 0.0010 3.49 4693 6.3387
112200 0.2333 0.0010 3.48 4693 6.3444
112300 0.2333 0.0010 3.48 4693 6.3501
112400 0.2333 0.0010 3.48 4693 6.3559
112500 0.2333 0.0010 3.48 4693 6.3616
112600 0.2333 0.0010 3.48 4693 6.3673
112700 0.2333 0.0010 3.48 4693 6.3730
112800 0.2333 0.0010 3.48 4693 6.3788
112900 0.2333 0.0010 3.48 4693 6.3845
113000 0.2333 0.0010 3.47 4693 6.3902
113100 0.2333 0.0010 3.47 4693 6.3959
113200 0.2333 0.0010 3.47 4693 6.4017
113300 0.2333 0.0010 3.47 4693 6.4073
113400 0.2333 0.0010 3.47 4693 6.4130
113500 0.2333 0.0010 3.47 4693 6.4187
113600 0.2333 0.0010 3.47 4693 6.4244
113700 0.2333 0.0010 3.47 4693 6.4301
113800 0.2333 0.0010 3.46 4693 6.4358
113900 0.2333 0.0010 3.46 4693 6.4414
114000 0.2333 0.0010 3.46 4693 6.4471
114100 0.2333 0.0010 3.46 4693 6.4528
114200 0.2333 0.0010 3.46 4693 6.4585
114300 0.2333 0.0010 3.46 4693 6.4642
114400 0.2333 0.0010 3.46 4693 6.4699
114500 0.2333 0.0010 3.45 4693 6.4756
114600 0.2333 0.0010 3.45 4693 6.4813
114700 0.2333 0.0010 3.45 4693 6.4870
114800 0.2333 0.0010 3.45 4693 6.4927
114900 0.2333 0.0010 3.45 4693 6.4984
115000 0.2333 0.0010 3.45 4693 6.5040
115100 0.2333 0.0010 3.45 4693 6.5097
115200 0.2333 0.0010 3.45 4693 6.5154
115300 0.2333 0.0010 3.44 4693 6.5212
115400 0.2333 0.0010 3.44 4693 6.5269
115500 0.2333 0.0010 3.44 4693 6.5326
115600 0.2333 0.0010 3.44 4693 6.5383
115700 0.2333 0.0010 3.44 4693 6.5439
115800 0.2333 0.0010 3.44 4693 6.5497
115900 0.2333 0.0010 3.44 4693 6.5553
116000 0.2333 0.0010 3.44 4693 6.5611
116100 0.2333 0.0010 3.43 4693 6.5668
116200 0.2333 0.0010 3.43 4693 6.5725
116300 0.2333 0.0010 3.43 4693 6.5782
116400 0.2333 0.0010 3.43 4693 6.5839
116500 0.2333 0.0010 3.43 4693 6.5896
116600 0.2333 0.0010 3.43 4693 6.5953
116700 0.2333 0.0010 3.43 4693 6.6010
116800 0.2333 0.0010 3.43 4693 6.6067
116900 0.2333 0.0010 3.42 4693 6.6124
117000 0.2416 0.0010 3.43 4694 6.6181
117100 0.2587 0.0010 3.43 4694 6.6238
117200 0.2757 0.0010 3.43 4694 6.6295
117300 0.2927 0.0010 3.43 4694 6.6352
117400 0.3099 0.0010 3.43 4694 6.6409
117500 0.3246 0.0010 3.43 4695 6.6466
117600 0.3415 0.0010 3.43 4695 6.6523
117700 0.3585 0.0010 3.43 4695 6.6580
117800 0.3757 0.0010 3.43 4695 6.6637
117900 0.3928 0.0010 3.43 4695 6.6694
118000 0.4016 0.0010 3.44 4695 6.6751
118100 0.4016 0.0010 3.44 4695 6.6808
118200 0.4016 0.0010 3.44 4695 6.6865
118300 0.4016 0.0010 3.44 4695 6.6923
118400 0.3892 0.0010 3.44 4701 6.6980
118500 0.3740 0.0010 3.44 4709 6.7037
118600 0.3560 0.0010 3.44 4717 6.7094
118700 0.3338 0.0010 3.44 4727 6.7151
118800 0.3130 0.0010 3.44 4736 6.7208
118900 0.2927 0.0010 3.44 4744 6.7265
119000 0.2692 0.0010 3.44 4755 6.7322
119100 0.2458 0.0010 3.44 4764 6.7379
119200 0.2302 0.0010 3.44 4771 6.7436
119300 0.2115 0.0010 3.44 4779 6.7493
119400 0.2036 0.0010 3.44 4788 6.7550
119500 0.2046 0.0010 3.44 4796 6.7607
119600 0.2084 0.0010 3.44 4802 6.7664
119700 0.2154 0.0010 3.44 4810 6.7721
119800 0.2192 0.0010 3.45 4818 6.7778
119900 0.2221 0.0010 3.45 4818 6.7835
120000 0.2285 0.0010 3.44 4818 6.7891
120100 0.2347 0.0010 3.44 4818 6.7948
120200 0.2335 0.0010 3.44 4818 6.8005
120300 0.2351 0.0010 3.44 4818 6.8062
120400 0.2382 0.0010 3.44 4818 6.8119
120500 0.2377 0.0010 3.44 4818 6.8176
120600 0.2349 0.0010 3.44 4818 6.8233
120700 0.2453 0.0010 3.44 4819 6.8290
120800 0.2622 0.0010 3.44 4819 6.8347
120900 0.2794 0.0010 3.44 4819 6.8404
121000 0.2879 0.0010 3.44 4823 6.8461
121100 0.2874 0.0010 3.44 4824 6.8518
121200 0.2874 0.0010 3.44 4824 6.8575
121300 0.2874 0.0010 3.44 4824 6.8632
121400 0.2874 0.0010 3.44 4824 6.8689
121500 0.2874 0.0010 3.44 4824 6.8745
121600 0.2874 0.0010 3.44 4824 6.8802
121700 0.2753 0.0010 3.44 4824 6.8859
121800 0.2582 0.0010 3.44 4824 6.8917
121900 0.2413 0.0010 3.43 4824 6.8974
122000 0.2328 0.0010 3.43 4824 6.9031
122100 0.2333 0.0010 3.43 4824 6.9088
122200 0.2333 0.0010 3.43 4824 6.9145
122300 0.2342 0.0010 3.43 4825 6.9202
122400 0.2483 0.0010 3.43 4825 6.9259
122500 0.2654 0.0010 3.43 4825 6.9316
122600 0.2826 0.0010 3.43 4825 6.9373
122700 0.2951 0.0010 3.43 4827 6.9430
122800 0.3121 0.0010 3.43 4827 6.9487
122900 0.3293 0.0010 3.44 4827 6.9544
123000 0.3465 0.0010 3.44 4827 6.9602
123100 0.3636 0.0010 3.44 4827 6.9659
123200 0.3806 0.0010 3.44 4827 6.9716
123300 0.3970 0.0010 3.44 4827 6.9773
123400 0.3848 0.0010 3.44 4834 6.9830
123500 0.3679 0.0010 3.44 4837 6.9886
123600 0.3508 0.0010 3.44 4837 6.9944
123700 0.3383 0.0010 3.44 4837 7.0001
123800 0.3213 0.0010 3.44 4837 7.0058
123900 0.3040 0.0010 3.44 4837 7.0115
124000 0.2869 0.0010 3.44 4837 7.0172
124100 0.2698 0.0010 3.43 4837 7.0228
124200 0.2653 0.0010 3.44 4838 7.0285
124300 0.2651 0.0010 3.44 4838 7.0342
124400 0.2800 0.0010 3.44 4838 7.0399
124500 0.2757 0.0010 3.44 4846 7.0456
124600 0.2791 0.0010 3.44 4851 7.0512
124700 0.2786 0.0010 3.44 4858 7.0569
124800 0.2823 0.0010 3.44 4862 7.0626
124900 0.2829 0.0010 3.44 4867 7.0683
125000 0.2810 0.0010 3.44 4875 7.0740
125100 0.2856 0.0010 3.44 4880 7.0797
125200 0.2690 0.0010 3.44 4888 7.0854
125300 0.2505 0.0010 3.44 4895 7.0911
125400 0.2354 0.0010 3.44 4901 7.0968
125500 0.2443 0.0010 3.44 4906 7.1025
125600 0.2397 0.0010 3.44 4910 7.1081
125700 0.2403 0.0010 3.44 4918 7.1138
125800 0.2394 0.0010 3.45 4924 7.1195
125900 0.2398 0.0010 3.45 4930 7.1251
126000 0.2431 0.0010 3.45 4938 7.1308
